270 86
267 87
269 88
269 89
269 90
266 91
268 92
270 93
269 94
267 95
270 96
270 97
270 98
269 99
270 100
269 101
269 102
269 103
269 104
270 105
269 106
271 107
269 108
271 109
271 110
270 111
270 112
270 113
271 114
269 115
269 116
271 117
269 118
269 119
270 120
270 121
270 122
270 123
270 124
271 125
186 126
271 126
188 127
269 127
250 128
247 129
246 130
247 131
243 132
243 133
242 134
239 135
240 136
240 137
240 138
238 139
239 140
237 141
235 142
237 143
237 144
236 145
235 146
235 147
234 148
234 149
232 150
233 151
231 152
231 153
232 154
230 155
229 156
228 157
230 158
227 159
228 160
227 161
227 162
225 163
225 164
224 165
224 166
222 167
221 168
220 169
218 170
219 171
216 172
216 173
214 174
214 175
211 176
210 177
211 178
208 179
208 180
208 181
206 182
206 183
205 184
205 185
205 186
203 187
203 188
204 189
204 190
204 191
204 192
202 193
203 194
202 195
199 196
203 197
201 198
200 199
200 200
199 201
198 202
198 203
199 204
198 205
198 206
198 207
195 208
195 209
195 210
196 211
196 212
194 213
194 214
194 215
191 216
190 217
192 218
194 219
191 220
192 221
190 222
190 223
189 224
189 225
191 226
188 227
188 228
189 229
188 230
191 231
187 232
188 233
187 234
187 235
188 236
191 237
188 238
187 239
188 240
186 241
188 242
190 243
186 244
188 245
187 246
186 247
188 248
188 249
186 250
186 251
186 252
186 253
186 254
188 255
186 256
185 257
187 258
188 259
188 260
192 261
190 262
189 263
190 264
189 265
190 266
192 267
190 268
193 269
192 270
196 271
199 272
196 273
200 274
197 275
200 276
198 277
202 278
200 279
199 280
202 281
208 282
205 283
207 284
207 285
207 286
209 287
209 288
212 289
211 290
213 291
213 292
215 293
213 294
213 295
213 296
213 297
215 298
214 299
215 300
216 301
217 302
217 303
217 304
218 305
219 306
217 307
221 308
219 309
218 310
221 311
221 312
220 313
222 314
224 315
224 316
222 317
224 318
225 319
224 320
224 321
225 322
225 323
225 324
228 325
227 326
226 327
226 328
227 329
228 330
226 331
226 332
229 333
227 334
227 335
227 336
227 337
229 338
229 339
228 340
231 341
229 342
228 343
231 344
230 345
226 346
230 347
223 348
223 349
223 350
222 351
221 352
217 353
219 354
216 355
215 356
213 357
214 358
214 359
213 360
213 361
212 362
212 363
212 364
212 365
210 366
211 367
210 368
208 369
210 370
209 371
211 372
207 373
206 374
206 375
207 376
206 377
205 378
206 379
205 380
203 381
204 382
204 383
204 384
203 385
203 386
201 387
200 388
199 389
202 390
200 391
198 392
198 393
200 394
195 395
200 396
193 397
193 398
192 399
193 400
185 401
163 402
271 402
156 403
155 404
152 405
153 406
151 407
152 408
150 409
150 410
149 411
150 412
148 413
149 414
149 415
148 416
148 417
148 418
149 419
147 420
147 421
147 422
148 423
148 424
147 425
147 426
147 427
147 428
149 429
147 430
148 431
148 432
148 433
148 434
148 435
147 436
147 437
148 438
147 439
147 440
147 441
147 442
147 443
149 444
148 445
148 446
147 447
146 448
146 449
147 450
148 451
148 452
146 453
147 454
147 455
146 456
147 457
146 458
148 459
145 460
147 461
147 462
147 463
147 464
147 465
146 466
146 467
146 468
146 469
147 470
146 471
147 472
147 473
147 474
146 475
145 476
148 477
146 478
146 479
146 480
146 481
147 482
147 483
147 484
147 485
145 486
146 487
145 488
147 489
145 490
146 491
145 492
145 493
146 494
146 495
145 496
146 497
145 498
144 499
144 500
145 501
145 502
144 503
143 504
145 505
144 506
145 507
142 508
144 509
144 510
143 511
143 512
143 513
144 514
143 515
145 516
142 517
141 518
141 519
142 520
144 521
143 522
141 523
142 524
141 525
142 526
141 527
142 528
142 529
141 530
140 531
140 532
140 533
140 534
139 535
139 536
139 537
139 538
139 539
140 540
139 541
139 542
139 543
139 544
138 545
138 546
140 547
138 548
139 549
138 550
138 551
139 552
139 553
139 554
137 555
138 556
137 557
137 558
136 559
137 560
137 561
136 562
137 563
136 564
137 565
135 566
136 567
136 568
135 569
135 570
135 571
136 572
135 573
135 574
135 575
135 576
134 577
134 578
135 579
135 580
134 581
134 582
132 583
133 584
133 585
133 586
132 587
133 588
132 589
133 590
134 591
131 592
132 593
132 594
130 595
132 596
130 597
131 598
130 599
130 600
130 601
129 602
129 603
130 604
130 605
130 606
129 607
128 608
128 609
129 610
128 611
127 612
129 613
130 614
130 615
130 616
130 617
130 618
130 619
129 620
128 621
127 622
128 623
128 624
129 625
129 626
126 627
125 628
126 629
128 630
128 631
127 632
123 633
