137 0
141 1
140 2
132 3
138 4
138 5
147 6
143 7
144 8
147 9
162 10
150 11
132 12
199 12
129 13
197 13
151 14
152 15
142 16
147 17
141 18
133 19
135 20
131 21
190 21
148 22
145 23
150 24
153 25
145 26
146 27
148 28
145 29
147 30
145 31
143 32
136 33
152 34
132 35
136 36
187 36
142 37
144 38
149 39
148 40
150 41
146 42
151 43
154 44
146 45
85 46
137 46
192 46
141 47
142 48
143 49
142 50
135 51
143 52
152 53
153 54
141 55
88 56
143 56
89 57
157 57
136 58
148 59
143 60
140 61
139 62
140 63
146 64
136 65
134 66
142 67
144 68
142 69
143 70
144 71
141 72
141 73
205 73
152 74
98 75
158 75
135 76
133 77
144 78
137 79
137 80
147 81
150 82
141 83
142 84
84 85
150 85
149 86
145 87
130 88
194 88
126 89
194 89
134 90
132 91
139 92
147 93
127 94
128 95
198 95
133 96
151 97
146 98
199 98
131 99
195 99
144 100
138 101
145 102
151 103
146 104
133 105
152 106
144 107
147 108
150 109
146 110
144 111
140 112
145 113
142 114
149 115
147 116
134 117
146 118
146 119
145 120
144 121
150 122
150 123
100 124
142 124
187 124
162 125
145 126
90 127
149 127
146 128
150 129
145 130
145 131
136 132
139 133
135 134
154 135
143 136
145 137
141 138
144 139
158 140
152 141
151 142
152 143
139 144
133 145
147 146
150 147
151 148
90 149
146 149
131 150
129 151
98 152
148 152
197 152
143 153
149 154
139 155
195 155
78 156
145 156
89 157
149 157
90 158
156 158
145 159
144 160
145 161
140 162
140 163
82 164
141 164
136 165
143 166
137 167
126 168
189 168
152 169
143 170
91 171
162 171
138 172
149 173
141 174
96 175
144 175
149 176
149 177
144 178
147 179
137 180
137 181
128 182
139 183
135 184
138 185
139 186
90 187
157 187
141 188
138 189
89 190
149 190
123 191
86 192
144 192
133 193
134 194
149 195
151 196
138 197
138 198
138 199
148 200
149 201
147 202
144 203
148 204
141 205
148 206
84 207
143 207
96 208
143 208
92 209
141 209
202 209
136 210
203 210
133 211
137 212
141 213
92 214
153 214
139 215
135 216
142 217
145 218
138 219
144 220
129 221
130 222
138 223
129 224
138 225
143 226
143 227
131 228
146 229
140 230
93 231
156 231
153 232
157 233
91 234
150 234
132 235
149 236
142 237
151 238
117 239
181 239
140 240
136 241
147 242
142 243
141 244
154 245
141 246
136 247
147 248
143 249
138 250
131 251
141 252
146 253
141 254
135 255
135 256
133 257
153 258
135 259
81 260
144 260
133 261
137 262
123 263
187 263
101 264
145 264
74 265
137 265
131 266
149 267
151 268
145 269
84 270
143 270
83 271
144 271
147 272
140 273
137 274
138 275
141 276
146 277
141 278
153 279
91 280
150 280
132 281
143 282
148 283
136 284
129 285
84 286
140 286
84 287
142 287
145 288
122 289
145 290
137 291
139 292
119 293
183 293
134 294
142 295
129 296
132 297
132 298
149 299
145 300
136 301
135 302
85 303
149 303
133 304
142 305
140 306
142 307
138 308
154 309
151 310
137 311
190 311
152 312
141 313
138 314
144 315
138 316
138 317
147 318
143 319
136 320
136 321
136 322
143 323
135 324
86 325
150 325
93 326
148 326
140 327
140 328
141 329
86 330
153 330
87 331
155 331
131 332
139 333
94 334
153 334
90 335
146 335
137 336
139 337
134 338
150 339
140 340
152 341
130 342
143 343
143 344
135 345
135 346
140 347
138 348
136 349
90 350
157 350
84 351
159 351
124 352
176 352
139 353
144 354
135 355
144 356
148 357
146 358
144 359
140 360
145 361
130 362
148 363
146 364
153 365
157 366
149 367
141 368
139 369
199 369
150 370
162 371
161 372
149 373
147 374
148 375
153 376
153 377
163 378
145 379
103 380
164 380
151 381
141 382
191 382
135 383
192 383
139 384
145 385
148 386
156 387
142 388
149 389
140 390
155 391
142 392
151 393
151 394
146 395
95 396
148 396
149 397
139 398
185 398
151 399
142 400
130 401
155 402
145 403
133 404
109 405
152 405
188 405
153 406
153 407
139 408
127 409
171 409
135 410
170 410
140 411
131 412
174 412
132 413
182 413
127 414
179 414
139 415
140 416
146 417
149 418
99 419
147 419
151 420
155 421
166 422
137 423
138 424
174 424
144 425
141 426
146 427
144 428
137 429
167 429
125 430
166 430
141 431
141 432
155 433
124 434
158 434
124 435
177 435
177 436
133 438
132 439
127 440
137 441
136 442
128 443
158 450
155 451
581 1060
574 1158
589 1197
560 1298
566 1376
595 1384
567 1652
576 1677
1143 1897
1135 1898
1135 1899
1134 1900
1124 1901
1122 1902
1121 1903
1111 1904
1111 1905
1110 1906
1111 1907
1116 1908
1117 1909
1117 1910
1123 1911
1127 1912
1128 1913
1124 1914
1124 1915
1124 1916
1124 1917
1113 1918
1098 1919
1130 1919
1112 1920
1158 1920
1106 1921
1114 1922
1096 1923
1146 1923
1119 1924
1119 1925
1117 1926
1099 1927
1152 1927
1099 1928
1145 1928
1111 1929
1113 1930
1115 1931
1115 1932
1100 1933
1156 1933
1115 1934
1112 1935
1112 1936
1111 1937
1069 1938
1126 1938
1069 1939
1118 1939
1073 1940
1120 1940
1130 1941
1096 1942
1155 1942
1067 1943
1132 1943
1066 1944
1131 1944
1113 1945
1113 1946
1118 1947
1117 1948
1114 1949
1103 1950
1166 1950
1116 1951
1118 1952
1113 1953
1113 1954
1113 1955
1114 1956
1116 1957
1115 1958
1113 1959
1069 1960
1131 1960
1099 1961
1160 1961
1107 1962
1101 1963
1109 1964
1109 1965
1111 1966
1111 1967
1113 1968
1116 1969
1117 1970
1113 1971
1112 1972
1113 1973
1115 1974
1114 1975
1116 1976
1109 1977
1110 1978
1110 1979
1112 1980
1112 1981
1110 1982
1114 1983
1116 1984
1117 1985
1117 1986
1117 1987
1118 1988
1109 1989
1114 1990
1116 1991
1116 1992
1118 1993
1124 1994
1118 1995
1118 1996
1120 1997
1115 1998
1111 1999
1101 2000
1116 2001
1113 2002
1109 2003
1115 2004
1113 2005
1113 2006
1110 2007
1110 2008
1110 2009
1107 2010
1110 2011
1117 2012
1116 2013
1114 2014
1115 2015
1115 2016
1116 2017
1117 2018
1117 2019
1118 2020
1116 2021
1109 2022
1109 2023
1113 2024
1117 2025
1116 2026
1064 2027
1131 2027
1107 2028
1110 2029
1110 2030
1111 2031
1113 2032
1111 2033
1114 2034
1118 2035
1114 2036
1122 2037
1122 2038
1120 2039
1118 2040
1116 2041
1114 2042
1113 2043
1113 2044
1119 2045
1090 2046
1154 2046
1106 2047
1112 2048
1113 2049
1117 2050
1116 2051
1115 2052
1113 2053
1103 2054
1125 2055
1122 2056
1122 2057
1107 2058
1114 2059
1122 2060
1118 2061
1117 2062
1117 2063
1117 2064
1112 2065
1112 2066
1112 2067
1112 2068
1115 2069
1113 2070
1101 2071
1103 2072
1104 2073
1099 2074
1143 2074
1131 2075
1127 2076
1135 2077
1081 2078
1136 2078
1081 2079
1135 2079
1083 2080
1138 2080
1092 2081
1150 2081
1091 2082
1147 2082
1098 2083
1146 2083
1124 2084
1125 2085
1133 2086
1076 2087
1125 2087
1077 2088
1122 2088
1108 2089
1107 2090
1109 2091
1083 2092
1130 2092
1082 2093
1122 2093
1121 2094
1106 2095
1104 2096
1108 2097
1095 2098
1125 2098
1091 2099
1125 2099
1125 2103
1122 2104
1123 2105
1122 2106
1120 2107
1120 2108
1112 2109
1109 2110
1110 2111
949 2515
949 2516
940 2522
911 2531
966 2531
899 2532
930 2532
972 2533
958 2536
963 2537
961 2538
961 2539
960 2540
967 2541
923 2542
967 2542
909 2543
932 2543
963 2543
929 2544
956 2544
939 2545
949 2546
932 2547
966 2547
903 2548
935 2548
967 2548
915 2549
975 2549
914 2550
968 2550
937 2551
926 2552
969 2552
940 2553
918 2554
968 2554
922 2555
967 2555
894 2556
939 2556
975 2556
915 2557
968 2557
917 2558
959 2558
893 2559
945 2559
939 2560
939 2561
947 2562
883 2563
917 2563
967 2563
937 2564
899 2565
928 2565
963 2565
934 2566
940 2567
940 2568
944 2569
946 2570
909 2571
957 2571
935 2572
937 2573
902 2574
961 2574
940 2575
945 2576
930 2577
944 2578
939 2579
932 2580
934 2581
883 2582
945 2582
932 2583
934 2584
933 2585
941 2586
939 2587
937 2588
930 2589
937 2590
939 2591
940 2592
940 2593
936 2594
939 2595
935 2596
931 2597
937 2598
936 2599
939 2600
934 2601
938 2602
936 2603
932 2604
937 2605
932 2606
935 2607
930 2608
937 2609
938 2610
940 2611
950 2612
936 2613
940 2614
940 2615
937 2616
934 2617
932 2618
941 2619
942 2620
939 2621
934 2622
942 2623
943 2624
942 2625
938 2626
939 2627
941 2628
941 2629
937 2630
934 2631
938 2632
938 2633
937 2634
938 2635
940 2636
939 2637
933 2638
945 2639
944 2640
927 2641
971 2641
938 2642
944 2643
941 2644
942 2645
940 2646
931 2647
940 2648
930 2649
931 2650
935 2651
942 2652
943 2653
935 2654
892 2655
945 2655
944 2656
934 2657
947 2658
930 2659
949 2660
883 2661
944 2661
944 2662
938 2663
935 2664
933 2665
939 2666
937 2667
939 2668
937 2669
941 2670
935 2671
940 2672
938 2673
940 2674
943 2675
931 2676
936 2677
934 2678
938 2679
939 2680
937 2681
941 2682
942 2683
940 2684
939 2685
938 2686
937 2687
940 2688
941 2689
938 2690
936 2691
930 2692
936 2693
940 2694
939 2695
942 2696
941 2697
948 2698
947 2699
941 2700
938 2701
932 2702
938 2703
936 2704
937 2705
939 2706
936 2707
937 2708
943 2709
941 2710
935 2711
945 2712
937 2713
939 2714
943 2715
917 2716
968 2716
944 2717
937 2718
936 2719
936 2720
937 2721
936 2722
942 2723
942 2724
938 2725
932 2726
940 2727
936 2728
930 2729
893 2730
948 2730
945 2731
941 2732
938 2733
897 2734
954 2734
941 2735
937 2736
898 2737
959 2737
940 2738
935 2739
929 2740
938 2741
937 2742
947 2743
941 2744
934 2745
939 2746
937 2747
938 2748
942 2749
942 2750
941 2751
944 2752
937 2753
947 2754
944 2755
914 2756
962 2756
939 2757
947 2758
946 2759
944 2760
948 2761
949 2762
944 2763
956 2764
943 2765
949 2766
951 2767
953 2768
942 2769
947 2770
941 2771
950 2772
947 2773
947 2774
951 2775
949 2776
950 2777
948 2778
953 2779
952 2780
958 2781
955 2782
963 2783
901 2784
952 2784
951 2785
949 2786
943 2787
952 2788
950 2789
953 2790
948 2791
945 2792
948 2793
940 2794
950 2795
950 2796
947 2797
957 2798
956 2799
953 2800
951 2801
966 2802
904 2803
969 2803
970 2804
939 2805
927 2806
968 2806
950 2807
957 2808
946 2809
959 2810
951 2811
970 2812
926 2813
962 2813
957 2814
943 2815
954 2816
953 2817
944 2818
980 2818
929 2819
981 2819
964 2820
967 2821
914 2822
974 2822
973 2823
953 2824
953 2825
954 2826
962 2827
929 2828
968 2828
966 2829
997 2829
961 2830
965 2831
978 2832
921 2833
968 2833
926 2834
969 2834
970 2835
971 2836
984 2837
974 2838
970 2839
965 2840
973 2841
968 2842
967 2843
922 2844
971 2844
971 2845
935 2846
969 2846
959 2847
925 2848
967 2848
958 2849
978 2850
979 2851
976 2852
966 2853
962 2854
963 2855
970 2856
965 2857
960 2858
942 2859
967 2860
972 2861
971 2862
963 2863
950 2864
957 2865
975 2866
964 2867
944 2868
989 2868
960 2869
933 2870
974 2870
940 2871
973 2871
966 2872
935 2873
967 2873
956 2874
915 2875
962 2875
917 2876
975 2876
973 2877
936 2878
974 2878
962 2879
970 2880
966 2881
965 2882
990 2882
961 2883
985 2883
964 2884
998 2884
951 2885
1001 2885
964 2886
958 2887
990 2887
958 2888
979 2889
955 2890
978 2891
937 2892
968 2892
973 2893
979 2894
977 2895
978 2896
938 2897
975 2897
969 2898
970 2899
964 2900
954 2901
991 2901
917 2902
970 2902
961 2903
944 2904
920 2905
954 2905
972 2906
926 2907
981 2907
969 2908
972 2909
969 2910
976 2911
988 2912
975 2913
961 2914
973 2915
968 2916
969 2917
946 2918
987 2918
958 2919
953 2920
990 2920
952 2921
988 2921
967 2922
926 2923
980 2923
973 2924
921 2925
970 2925
980 2926
935 2927
965 2927
963 2928
1000 2928
964 2929
918 2930
970 2930
942 2931
982 2931
918 2932
962 2932
966 2933
967 2934
968 2935
974 2936
960 2937
992 2937
938 2938
963 2938
993 2938
961 2939
997 2939
978 2940
954 2941
990 2941
972 2942
957 2943
990 2943
963 2944
964 2945
974 2946
974 2947
975 2948
978 2949
968 2950
975 2951
970 2952
954 2953
986 2953
968 2954
980 2955
948 2956
978 2956
951 2957
979 2957
967 2958
975 2959
975 2960
967 2961
976 2962
972 2963
966 2964
962 2965
966 2966
967 2967
966 2968
962 2969
974 2970
970 2971
984 2972
938 2973
990 2973
927 2974
977 2974
946 2975
992 2975
970 2976
965 2977
978 2978
961 2979
977 2980
968 2981
954 2982
977 2983
974 2984
976 2985
957 2986
971 2987
943 2988
989 2988
930 2989
984 2989
988 2990
975 2991
976 2992
965 2993
977 2994
973 2995
961 2996
988 2997
950 2998
988 2998
957 2999
970 3000
1000 3000
968 3001
1000 3001
965 3002
970 3003
972 3004
953 3005
994 3005
936 3006
992 3006
952 3007
983 3007
976 3008
973 3009
970 3010
973 3011
959 3012
983 3013
953 3014
992 3014
973 3015
942 3017
973 3018
953 3019
965 3020
993 3020
980 3021
971 3022
975 3023
937 3025
999 3026
995 3027
996 3028
997 3029
993 3030
960 3031
998 3033
961 3044
961 3045
999 3046
