141 1
140 2
139 5
140 7
141 8
142 9
143 15
142 20
140 21
141 23
143 25
143 27
144 28
144 29
144 30
144 31
144 32
143 36
143 38
143 40
144 41
144 42
146 44
145 48
145 49
144 50
145 54
145 61
144 62
143 63
142 66
142 68
142 69
142 70
142 71
142 72
142 73
141 77
140 80
141 82
141 84
142 86
143 87
141 91
139 95
140 108
141 109
142 110
142 111
142 112
142 114
142 116
143 119
143 120
143 121
144 123
144 128
145 129
145 131
144 133
143 134
143 137
143 138
143 139
144 142
145 143
145 147
146 148
144 151
144 160
144 161
143 163
144 177
144 179
143 181
142 184
142 185
141 186
141 189
140 194
141 196
141 198
140 199
141 201
142 202
142 203
143 204
142 212
142 213
141 216
141 218
140 222
140 227
142 232
144 233
143 241
142 244
142 249
141 256
140 257
140 262
141 268
142 272
141 274
141 275
141 276
141 288
141 292
140 297
139 298
139 300
139 302
139 306
139 307
139 308
140 310
140 314
140 317
140 319
140 321
139 322
139 328
139 329
139 337
140 344
139 346
139 348
138 349
139 357
140 358
141 359
141 360
141 364
143 366
142 369
145 372
145 374
145 375
146 377
146 386
147 394
147 397
148 407
147 416
147 418
147 420
148 421
147 424
146 426
146 428
145 432
149 436
147 439
145 442
147 451
201 1060
248 1158
291 1197
324 1298
355 1376
385 1384
407 1652
429 1677
518 1897
595 1899
663 1900
720 1902
771 1903
813 1905
850 1906
883 1907
912 1909
938 1910
962 1912
982 1913
1000 1914
1016 1915
1029 1916
1041 1917
1051 1925
1059 1926
1066 1930
1072 1931
1077 1932
1081 1935
1085 1936
1088 1937
1091 1946
1095 1948
1097 1949
1100 1952
1101 1954
1103 1955
1104 1956
1105 1957
1107 1958
1107 1959
1107 1965
1108 1966
1108 1967
1109 1968
1110 1969
1110 1970
1111 1971
1111 1972
1111 1973
1111 1974
1112 1975
1112 1976
1112 1978
1112 1979
1112 1980
1112 1981
1111 1982
1112 1983
1112 1984
1113 1985
1113 1986
1114 1987
1114 1988
1114 1991
1114 1992
1115 1993
1115 1996
1116 1997
1115 1999
1115 2002
1114 2003
1114 2005
1114 2006
1113 2007
1113 2008
1112 2009
1112 2010
1111 2011
1112 2013
1112 2014
1112 2015
1113 2016
1113 2017
1113 2018
1114 2019
1114 2020
1114 2021
1114 2023
1114 2024
1114 2025
1114 2026
1114 2029
1113 2030
1113 2031
1113 2032
1112 2033
1113 2034
1113 2035
1113 2036
1114 2038
1115 2039
1115 2040
1115 2041
1115 2042
1115 2043
1114 2044
1114 2049
1114 2050
1115 2051
1115 2052
1114 2053
1115 2056
1116 2057
1116 2061
1116 2062
1116 2063
1116 2064
1116 2066
1115 2067
1115 2068
1115 2069
1114 2070
1113 2072
1112 2073
1114 2076
1115 2085
1114 2090
1113 2091
1114 2094
1113 2096
1112 2097
1114 2103
1115 2104
1116 2105
1116 2106
1117 2107
1117 2108
1116 2110
1115 2111
1094 2515
1076 2516
1059 2522
1040 2531
1030 2538
1022 2539
1014 2540
1004 2561
996 2568
990 2569
984 2570
978 2573
972 2581
968 2584
963 2585
960 2587
957 2588
955 2591
953 2592
951 2593
949 2594
948 2595
946 2596
944 2597
943 2599
943 2600
942 2602
941 2603
940 2604
939 2607
939 2610
939 2611
939 2614
939 2615
939 2616
938 2617
937 2618
938 2620
938 2621
939 2624
939 2625
939 2626
939 2627
939 2628
939 2629
939 2630
938 2631
938 2632
938 2633
938 2634
938 2635
938 2636
938 2637
939 2640
939 2644
939 2645
939 2646
938 2650
938 2651
938 2653
939 2656
940 2662
939 2664
938 2665
938 2667
938 2668
938 2669
938 2670
938 2673
938 2674
939 2675
938 2678
938 2679
938 2680
938 2681
938 2682
939 2683
939 2684
939 2685
939 2686
938 2687
938 2688
939 2689
939 2690
938 2691
938 2694
938 2695
939 2696
939 2697
940 2699
940 2701
939 2704
939 2705
939 2706
938 2707
938 2708
938 2710
938 2714
939 2715
938 2719
938 2720
938 2721
938 2722
938 2724
938 2725
938 2728
939 2731
939 2732
939 2733
938 2736
938 2742
938 2747
938 2748
938 2749
939 2750
939 2751
940 2752
940 2755
941 2759
941 2760
942 2761
943 2762
944 2767
945 2768
945 2773
945 2774
946 2775
946 2776
947 2777
947 2778
947 2780
948 2782
949 2785
949 2786
949 2789
949 2790
949 2792
948 2793
949 2796
948 2797
949 2799
950 2800
950 2801
952 2804
952 2817
954 2821
956 2823
956 2825
956 2826
957 2829
958 2831
959 2835
961 2836
962 2839
962 2843
963 2845
965 2851
967 2852
966 2854
965 2855
966 2862
967 2877
967 2881
966 2882
968 2895
969 2896
969 2899
969 2909
969 2910
969 2917
968 2928
968 2933
968 2934
968 2935
967 2945
968 2947
969 2948
970 2949
970 2960
971 2963
969 2965
969 2966
969 2967
968 2968
967 2969
968 2971
968 2984
969 2985
972 2990
972 2992
972 2995
972 3004
972 3009
972 3010
972 3011
972 3023
975 3027
978 3028
980 3029
982 3030
979 3044
977 3045
